0.5580266 
0.5010228 
0.47638074 
0.42432803 
0.37492356 
0.37427205 
0.4153081 
0.4976183 
0.42310017 
0.4474852 
0.3888624 
0.3732984 
0.29366073 
0.34012422 
0.30569845 
0.3083959 
0.31005463 
0.34796023 
0.41497955 
0.43169373 
0.33861873 
0.33853644 
0.31698808 
0.28969964 
0.3146276 
0.3155964 
0.29946527 
0.29835337 
0.2959681 
0.2874393 
0.27351135 
0.42545757 
0.4531993 
0.3631433 
0.28465635 
0.30717522 
0.25496465 
0.26751944 
0.31905058 
0.27988487 
0.2922606 
0.26031333 
0.24962762 
0.31927615 
0.28783032 
0.270552 
0.31055433 
0.32578295 
0.29556584 
0.27386507 
0.2826636 
0.26415074 
0.23247106 
0.26665506 
0.2642234 
0.32162455 
0.32272202 
0.24897918 
0.24436371 
0.22718832 
0.25003734 
0.25496304 
0.25050443 
0.24523811 
0.25378212 
0.27288666 
0.2570499 
0.24028826 
0.27895778 
0.33926043 
0.32544446 
0.29587454 
0.25400352 
0.22233525 
0.22714126 
0.27131552 
0.24740751 
0.26913658 
0.27209193 
0.19744803 
0.20574813 
0.2163347 
0.24124818 
0.23424864 
0.21383062 
0.20593591 
0.20093215 
0.22660503 
0.22082865 
0.24626108 
0.23172411 
0.23915307 
0.30623356 
0.27369997 
0.22405457 
0.19323872 
0.22247772 
0.27530828 
0.2861174 
0.2971435 
0.21549197 
0.22600035 
0.1966711 
0.19657135 
0.23541531 
0.22142479 
0.23089275 
0.24149044 
0.1684971 
0.16490492 
0.15495297 
0.21275559 
0.20752068 
0.1761916 
0.16657652 
0.17296502 
0.18788795 
0.16972557 
0.18346825 
0.17814842 
0.20287447 
0.14101975 
0.16766343 
0.15756464 
0.14658129 
0.16827866 
0.20076498 
0.20771523 
0.15678868 
0.15069878 
0.13709107 
0.1652962 
0.12242422 
0.14577815 
0.14289866 
0.14988069 
0.157369 
0.14011474 
0.14584973 
0.1287551 
0.13283902 
0.0983486 
0.122916386 
0.11791637 
0.12250368 
0.131651 
0.20187792 
0.12744506 
0.11340257 
0.14312775 
0.13944006 
0.12140188 
0.13616493 
0.13989542 
0.13717565 
0.11908853 
0.12581521 
0.14206795 
0.16080448 
0.13747606 
0.12528466 
0.14764287 
0.15573785 
0.12687737 
0.10545281 
0.10051358 
0.08682165 
0.099425755 
0.12738457 
0.1420817 
0.17289586 
0.12959945 
0.14117102 
0.12596902 
0.13758239 
0.100692175 
0.10200091 
0.09837769 
0.11269822 
0.1160714 
0.10869148 
0.115249276 
0.110866904 
0.08585284 
0.1054121 
0.09530414 
0.1303862 
0.13846341 
0.17751823 
0.10285846 
0.108030975 
0.09219213 
0.07547764 
0.10729402 
0.09706178 
0.108728625 
0.09815468 
0.09286021 
0.09082717 
0.06956073 
0.10523423 
0.16181464 
0.117736384 
0.091235735 
0.07782303 
0.068164304 
0.109650515 
0.21455614 
0.1560357 
0.13732289 
0.106988385 
0.101405695 
0.09995484 
0.113196254 
0.10551663 
0.08382836 
0.09745481 
0.1026428 
0.08044963 
0.06924943 
0.08612357 
0.081862904 
0.08802713 
0.09230064 
0.072645284 
0.09235599 
0.07343533 
0.07126 
0.07652019 
0.07741518 
0.12745239 
0.13671145 
0.1015787 
0.07062849 
0.061728876 
0.056765705 
0.063163914 
0.069454715 
0.056670576 
0.06337337 
0.061092257 
0.06130029 
0.06748374 
0.08265534 
0.1243667 
0.25802246 
0.14532831 
0.14076546 
0.106185436 
0.0782516 
0.087458014 
0.07807334 
0.0733497 
0.07472074 
0.07091448 
0.06265901 
0.060105313 
0.04431478 
0.04401187 
0.05704965 
0.060824145 
0.06501631 
0.10527136 
0.09992665 
0.16375983 
0.09355669 
0.07355501 
0.07078995 
0.06607635 
0.07487835 
0.071378805 
0.052918874 
0.052952867 
0.048679832 
0.058327533 
0.042377718 
0.049377676 
0.056599785 
0.08121805 
0.09511065 
0.12811616 
0.10232451 
0.06844073 
0.06691724 
0.06775783 
0.10682545 
0.10431166 
0.11598866 
0.11739607 
0.104507804 
0.061116207 
0.06610771 
0.052465975 
0.04577843 
0.058252018 
0.06543477 
0.0631464 
0.04952752 
0.053402394 
0.06610135 
0.06893592 
0.06444712 
0.07147191 
0.061898567 
0.048074897 
0.07161894 
0.07785287 
0.14082548 
0.15105446 
0.06849895 
0.066782266 
0.07276888 
0.071553454 
0.044454865 
0.057676356 
0.059634767 
0.060801823 
0.06322336 
0.056638636 
0.052390277 
0.053186767 
0.06493815 
0.059930764 
0.051940363 
0.064703435 
0.06563269 
0.06210817 
0.054745793 
0.06546254 
0.086259805 
0.04377411 
0.06802826 
0.1041581 
0.110640146 
0.08420772 
0.0880115 
0.074391425 
0.045672514 
0.05861376 
0.06908511 
0.04838782 
0.07429515 
0.07255069 
0.07194507 
0.0910608 
0.07288798 
0.047023 
0.06095023 
0.061425418 
0.058903992 
0.053032827 
0.058774136 
0.04621827 
0.04601886 
0.051362436 
0.07523619 
0.09193449 
0.1266454 
0.103622556 
0.06654966 
0.06520047 
0.065814525 
0.06007018 
0.061052464 
0.064085945 
0.04904508 
0.0508536 
0.066584006 
0.095724 
0.1069051 
0.07775351 
0.046802886 
0.042820103 
0.04173886 
0.03814417 
0.04304418 
0.041644245 
0.04661622 
0.04346823 
0.041454848 
0.036502853 
0.047396015 
0.0412262 
0.059348196 
0.050131906 
0.046313427 
0.047302477 
0.045231245 
0.06100174 
0.06346942 
0.050271165 
0.08257994 
0.06781174 
0.04597678 
0.026885465 
0.055155832 
0.081027135 
0.14543663 
0.16159828 
0.07255858 
0.0784027 
0.060253263 
0.06390117 
0.05736168 
0.047685616 
0.040858395 
0.054861568 
0.061825134 
0.045273367 
0.045938466 
0.043786902 
0.03709247 
0.042288605 
0.042890966 
0.03001118 
0.034703836 
0.04770676 
0.068131 
0.094836 
0.11148517 
0.07188849 
0.13015471 
0.063040316 
0.041337393 
0.04378617 
0.051774956 
0.05292191 
0.047459245 
0.05089925 
0.055243194 
0.03426779 
0.047255784 
0.029325683 
0.0424295 
0.03408261 
0.068721056 
0.095794916 
0.048883446 
0.05909866 
0.048469212 
0.043145042 
0.046081334 
0.046935484 
0.041932527 
0.048649263 
0.052125253 
0.0801686 
0.17297237 
0.14264731 
0.1766406 
0.079222195 
0.03873403 
0.033519834 
0.040674858 
0.044997614 
0.039986957 
0.03269543 
0.029865563 
0.03669691 
0.035037674 
0.04388424 
0.048186302 
0.045103617 
0.040538013 
0.03831853 
0.032610618 
0.045917463 
0.072065555 
0.061616503 
0.057977926 
0.053372823 
0.03716661 
0.0358251 
0.04129989 
0.024445152 
0.042194378 
0.03816375 
0.044492487 
0.04447148 
0.05003669 
0.051511146 
0.039488863 
0.051806528 
0.04079091 
0.05770301 
0.03883501 
0.030398333 
0.02999265 
0.03685506 
0.037416667 
0.047809646 
0.03617578 
0.03744749 
0.056889005 
0.077865325 
0.08005856 
0.080041274 
0.08257989 
0.10835071 
0.14546289 
0.11263206 
0.09017709 
0.06385197 
0.0566096 
0.03482065 
0.038642395 
0.03606773 
0.03114551 
0.02945956 
0.03718152 
0.034863744 
0.03877417 
0.03913658 
0.03594501 
0.03565564 
0.049145516 
0.05429963 
0.06825 
0.037993856 
0.06384222 
0.039749786 
0.034859292 
0.048047986 
0.04310786 
0.04971882 
0.058010854 
0.07302076 
0.09673477 
0.077749096 
0.06006155 
0.052607514 
0.044932347 
0.052486967 
0.032356646 
0.051562168 
0.057436597 
0.053154122 
0.05383241 
0.05114293 
0.09867272 
0.07304412 
0.10817101 
0.10831316 
0.04530451 
0.06154119 
0.05331517 
0.055587173 
0.03598685 
0.029536173 
0.052506857 
0.07607372 
0.07764436 
0.053771257 
0.0351403 
0.040043212 
0.049440373 
0.036181126 
0.02983127 
0.03457882 
0.032689642 
0.030039266 
0.038249522 
0.038623232 
0.04889845 
0.07548223 
0.07792981 
0.112910464 
0.09265919 
0.06522785 
0.04687219 
0.046348035 
0.042016257 
0.03546936 
0.036257397 
0.035686035 
0.026623175 
0.03814558 
0.028978223 
0.03506718 
0.026847074 
0.041359562 
0.05894085 
0.08023189 
0.052714426 
0.04559823 
0.041706286 
0.04750615 
0.048317797 
0.09373557 
0.084064566 
0.04203085 
0.035614736 
0.039298367 
0.030858692 
0.021336723 
0.024215871 
0.03019836 
0.025809556 
0.028640438 
0.04573058 
0.14452372 
0.17477134 
0.11748145 
0.052705616 
0.0488402 
0.05417943 
0.028801005 
0.045617074 
0.03468328 
0.03249573 
0.044483446 
0.051626932 
0.02994375 
0.034751438 
0.027918529 
0.03353429 
0.0295672 
0.033397656 
0.028882295 
0.033113908 
0.02362552 
0.024885677 
0.0280403 
0.03159461 
0.048147835 
0.064720325 
0.04849463 
0.037536085 
0.039300375 
0.039034218 
0.0490808 
0.058890425 
0.043027192 
0.042280488 
0.03287237 
0.032721967 
0.046503372 
0.043609224 
0.058924474 
0.11070065 
0.13227901 
0.07894089 
0.06551696 
0.042885598 
0.04306469 
0.042360824 
0.052051056 
0.039123 
0.026217122 
0.026058549 
0.03094159 
0.030422483 
0.028682958 
0.03260558 
0.04445855 
0.04447771 
0.04341439 
0.043701403 
0.043950796 
0.05467236 
0.08621673 
0.14017387 
0.07556193 
0.08574109 
0.060400642 
0.026346426 
0.04209696 
0.03704059 
0.058321845 
0.035166986 
0.029947776 
0.03231857 
0.04245264 
0.03788293 
0.032575835 
0.040014558 
0.03926728 
0.049836207 
0.051459987 
0.024827715 
0.03697904 
0.03563287 
0.027002191 
0.03645711 
0.026424373 
0.03331669 
0.03736118 
0.03363308 
0.04432384 
0.07529714 
0.1082385 
0.099677004 
0.076964 
0.03270542 
0.028225934 
0.029323027 
0.029574579 
0.032460947 
0.029076371 
0.03478875 
0.035571434 
0.033000756 
0.025961181 
0.025781218 
0.038156725 
0.025753671 
0.019204317 
0.023746315 
0.0162499 
0.014212963 
0.020652104 
0.028394217 
0.030381668 
0.030736258 
0.043582927 
0.03288605 
0.03734346 
0.028791767 
0.05317443 
0.08842014 
0.15852848 
0.044356342 
0.032780726 
0.029453218 
0.023283271 
0.047008205 
0.02723799 
0.024736043 
0.01781251 
0.015991729 
0.018775031 
0.030074423 
0.04030281 
0.07739748 
0.09210281 
0.12554649 
0.09773938 
0.045740303 
0.052824717 
0.034092743 
0.029321486 
0.031548955 
0.044320475 
0.025281822 
0.026346803 
0.040379502 
0.028412234 
0.030062657 
0.0408277 
0.06021887 
0.047465447 
0.01869671 
0.021245701 
0.021636348 
0.025200153 
0.028018296 
0.023399362 
0.02599777 
0.027584407 
0.057988435 
0.08474451 
0.08339524 
0.038384456 
0.03537543 
0.03154236 
0.041528028 
0.034596346 
0.013331967 
0.028513376 
0.023830928 
0.034289427 
0.06113843 
0.07062852 
0.066638194 
0.05789261 
0.072618306 
0.045261655 
0.047669984 
0.039287716 
0.05254662 
0.030739034 
0.030101791 
0.035489507 
0.03392735 
0.026275331 
0.032721978 
0.024986789 
0.029066628 
0.030304456 
0.028615046 
0.022109492 
0.029340819 
0.029434938 
0.01741235 
0.020607417 
0.019641949 
0.022773046 
0.024366094 
0.033567745 
0.02912138 
0.035625644 
0.035394218 
0.029778589 
0.026899528 
0.035217732 
0.059585072 
0.088780396 
0.05978631 
0.034765165 
0.02583922 
0.061670016 
0.03888195 
0.023267295 
0.03883034 
0.01931979 
0.027007515 
0.023521079 
0.029205218 
0.031647496 
0.04502349 
0.048021857 
0.035325572 
0.031161672 
0.03292219 
0.022549879 
0.032379698 
0.028440941 
0.02929064 
0.025592515 
0.02969711 
0.05518795 
0.081147 
0.09829149 
0.0775002 
0.048225395 
0.0336141 
0.035575163 
0.030862391 
0.0210254 
0.020842586 
0.024345467 
0.019780284 
0.023505269 
0.016897786 
0.028732404 
0.01938727 
0.025153855 
0.03349804 
0.029761324 
0.018567031 
0.033302873 
0.039596252 
0.025178041 
0.023496242 
0.034397475 
0.028056547 
0.039070982 
0.074335985 
0.10009565 
0.054941308 
0.06973845 
0.083570145 
0.04638619 
0.025977736 
0.024921285 
0.027912527 
0.02246494 
0.0171588 
0.013782826 
0.020323005 
0.018115718 
0.031758197 
0.05011005 
0.037137866 
0.048157103 
0.045175083 
0.045706566 
0.04073288 
0.0614362 
0.0502672 
0.06995524 
0.03704495 
0.03650694 
0.035479862 
0.050111245 
0.070020914 
0.047560453 
0.037308216 
0.033392422 
0.03621369 
0.021646744 
0.032201357 
0.027680943 
0.033869904 
0.031387128 
0.039325885 
0.053407084 
0.041741885 
0.052113693 
0.06769737 
0.028855413 
0.037151434 
0.03543545 
0.026243567 
0.026223823 
0.024798369 
0.024594959 
0.030027086 
0.09193988 
0.082481414 
0.06265801 
0.04338013 
0.03083176 
0.03725501 
0.043224864 
0.06433081 
0.065737166 
0.05808748 
0.034419633 
0.038192105 
0.029778382 
0.023502465 
0.027967412 
0.0281819 
0.040480196 
0.040248442 
0.031097263 
0.023392888 
0.023485724 
0.026846442 
0.032938175 
0.0229934 
0.028317254 
0.023793673 
0.019337693 
0.022397105 
0.018064361 
0.008701068 
0.015221074 
0.030723948 
0.041386068 
0.040118504 
0.015471784 
0.015408719 
0.036831092 
0.019618386 
0.019305548 
0.02090832 
0.021388179 
0.029489618 
0.03903412 
0.028049305 
0.020853192 
0.02365506 
0.025317138 
0.023140172 
0.023707833 
0.021047695 
0.022744188 
0.022531167 
0.022670267 
0.019959975 
0.03202056 
0.021715939 
0.029548788 
0.032098252 
0.053577043 
0.07115438 
0.09269862 
0.048345327 
0.03301528 
0.045009512 
0.052672267 
0.046342082 
0.03811699 
0.030623624 
0.027475456 
0.040074307 
0.04986476 
0.031892005 
0.030463118 
0.037029963 
0.027178103 
0.030394796 
0.018337669 
0.024044931 
0.029932534 
0.02876724 
0.036785193 
0.04286801 
0.050301194 
0.038958736 
0.03485015 
0.024967723 
0.016283145 
0.023080532 
0.027078778 
0.037850827 
0.027138585 
0.01792351 
0.021530628 
0.030260438 
0.020338956 
0.022562305 
0.026795754 
0.029548079 
0.01637909 
0.03557812 
0.020205429 
0.02876296 
0.026930815 
0.037278898 
0.021029618 
0.009495603 
0.022700762 
0.02277517 
0.035822958 
0.050065707 
0.04788554 
0.04651905 
0.02801787 
0.0221429 
0.025505254 
0.029001629 
0.030244809 
0.036691427 
0.033758417 
0.0487332 
0.050612442 
0.025786225 
0.041998785 
0.043900926 
0.02153967 
0.021002436 
0.023391193 
0.024296653 
0.031727202 
0.023301926 
0.023351092 
0.016882867 
0.02308262 
0.027286042 
0.02294055 
0.028810304 
0.037339676 
0.037408076 
0.019752847 
0.028088126 
0.023310598 
0.03134296 
0.05068481 
0.10008881 
0.0620098 
0.03791661 
0.030280972 
0.036702916 
0.024304966 
0.024114707 
0.027471904 
0.0550106 
0.041408736 
0.029372627 
0.0272731 
0.037677415 
0.06195764 
0.09062384 
0.11194831 
0.09288367 
0.17523742 
0.15486704 
0.059568666 
0.035441183 
0.033201497 
0.038927846 
0.036796957 
0.023582216 
0.01135314 
0.017180994 
0.024203692 
0.022800475 
0.024489965 
0.030690813 
0.033568766 
0.087733895 
0.38141227 
0.2444849 
0.1515667 
0.09379314 
0.07664634 
0.043237597 
0.050181102 
0.030301958 
0.06356969 
0.047028214 
0.027389059 
0.04396103 
0.04659701 
0.036219038 
0.043250293 
0.027625162 
0.041590385 
0.05064686 
0.07051449 
0.05514018 
0.044551563 
0.031166553 
0.025478642 
0.028596422 
0.023230229 
0.028346177 
0.02892379 
0.025898844 
0.029813707 
0.021643456 
0.032225497 
0.028313687 
0.027254213 
0.02755769 
0.029558724 
0.03546627 
0.025144354 
0.0154375015 
0.019771209 
0.02489747 
0.024114985 
0.031330176 
0.03914416 
0.02693161 
0.023650419 
0.04658678 
0.043711998 
0.043144125 
0.026390985 
0.027067471 
0.032859426 
0.041638188 
0.021157611 
0.019300913 
0.018895982 
0.01659613 
0.018919472 
0.022237703 
0.037314765 
0.021388397 
0.022206375 
0.04457157 
0.054401755 
0.042581193 
0.03281774 
0.018381592 
0.029126037 
0.02818178 
0.025872895 
0.023433302 
0.01992606 
0.031892598 
0.069791846 
0.04234609 
0.03656712 
0.033749167 
0.026955402 
0.03158336 
0.040101446 
0.029427027 
0.034927636 
0.030319393 
0.027407313 
0.041482773 
0.034489594 
0.03288185 
0.021328377 
0.021799376 
0.021624124 
0.018445676 
0.020989845 
0.02581121 
0.035725407 
0.048080634 
0.06688415 
0.065817475 
0.073926665 
0.060470928 
0.0989994 
0.06126041 
0.042491753 
0.048956 
0.0510479 
0.02660982 
0.044013135 
0.040886234 
0.034207355 
0.028313935 
0.026074823 
0.037182976 
0.02072851 
0.019566528 
0.026011016 
0.01413917 
0.019959506 
0.030589337 
0.038852874 
0.0388589 
0.020184275 
0.016617207 
0.026634132 
0.016762283 
0.019305114 
0.018447489 
0.02241994 
0.023625255 
0.022882335 
0.019832563 
0.0112178195 
0.020955246 
0.01575155 
0.017530907 
0.015435663 
0.018318314 
0.0202781 
0.014761986 
0.015205187 
0.018889297 
0.01692431 
0.025061306 
0.02746212 
0.03750185 
0.061500646 
0.09198521 
0.08579438 
0.053774647 
0.040777188 
0.025238097 
0.04182223 
0.0371317 
0.03153307 
0.034163944 
0.027101299 
0.021921355 
0.023657989 
0.0280914 
0.033516385 
0.032231793 
0.022763377 
0.050983287 
0.045780912 
0.037946574 
0.06926682 
0.07820974 
0.078294486 
0.06225728 
0.048877485 
0.06972684 
0.06327025 
0.024426043 
0.05722811 
0.036778007 
0.03318479 
0.041581936 
0.023505766 
0.028936595 
0.030288344 
0.02835972 
0.014781865 
0.016300758 
0.024857119 
0.019753534 
0.039958373 
0.0535137 
0.060943406 
0.0481002 
0.027112588 
0.03084355 
0.01906373 
0.023220886 
0.018090185 
0.021971434 
0.045980774 
0.039981596 
0.04835368 
0.022712529 
0.016733488 
0.025890637 
0.03363248 
0.04342861 
0.024796782 
0.014277691 
0.016923629 
0.019683186 
0.02002823 
0.010343395 
0.015782105 
0.027109155 
0.03079692 
0.029602338 
0.016394634 
0.024265844 
0.017963674 
0.026470577 
0.042683564 
0.024303364 
0.036548577 
0.10399349 
0.060936283 
0.05128591 
0.030568236 
0.026429191 
0.025686646 
0.024624366 
0.01439404 
0.01819295 
0.008906608 
0.019455666 
0.009449986 
0.01654947 
0.020694284 
0.023058431 
0.026483748 
0.02987351 
0.016059186 
0.019590382 
0.013494928 
0.017759806 
0.026936868 
0.022011228 
0.018101314 
0.025106128 
0.027204972 
0.013732389 
0.036749743 
0.027665978 
0.017061258 
0.024439782 
0.023859069 
0.024678767 
0.021578452 
0.017919231 
0.019746853 
0.017851453 
0.020519309 
0.017434012 
0.009028074 
0.016927907 
0.018346593 
0.022226607 
0.036757838 
0.06906936 
0.016737003 
0.03762374 
0.026597027 
0.022377133 
0.020305077 
0.014061391 
0.023413992 
0.02316839 
0.023037603 
0.05519904 
0.06648084 
0.055993687 
0.06371719 
0.045886498 
0.03584584 
0.03073008 
0.04049159 
0.029726392 
0.02050059 
0.03126613 
0.041124202 
0.031816553 
0.041036878 
0.059881203 
0.07716153 
0.048212767 
0.016849913 
0.02316473 
0.01625815 
0.018997164 
0.021227205 
0.01667871 
0.013271876 
0.02103966 
0.02155748 
0.02099314 
0.021614324 
0.032942653 
0.027977567 
0.025137663 
0.021050215 
0.015249555 
0.022569638 
0.026401365 
0.030583557 
0.039239984 
0.022792313 
0.030220386 
0.021622535 
0.016948894 
0.03207479 
0.06139486 
0.081044905 
0.0731146 
0.05399943 
0.060126316 
0.03539459 
0.041863136 
0.034656964 
0.028971236 
0.033516593 
0.0281398 
0.06395471 
0.054062 
0.021216424 
0.042080812 
0.03905796 
0.06410152 
0.105955645 
0.11449538 
0.12489041 
0.068711 
0.03581885 
0.02837634 
0.055314027 
0.0485894 
0.058582902 
0.031214464 
0.035750866 
0.034232046 
0.026580846 
0.021781502 
0.020398412 
0.019655198 
0.023956977 
0.016111897 
0.030738711 
0.050061546 
0.0396836 
0.0131622795 
0.03303712 
0.029414615 
0.013835457 
0.017102528 
0.020996517 
0.02235963 
0.016992332 
0.017418731 
0.021408778 
0.015993524 
0.0141289905 
0.017437115 
0.029813385 
0.013625445 
0.020769665 
0.011249602 
0.00922365 
0.011114918 
0.0124613345 
0.011667291 
0.02834173 
0.014306871 
0.021480827 
0.02028241 
0.019571364 
0.021755066 
0.025306642 
0.021985475 
0.033833057 
0.03780957 
0.025938004 
0.028337102 
0.026822304 
0.048989475 
0.07357834 
0.095150866 
0.09377886 
0.042330407 
0.023675788 
0.027132705 
0.034622237 
0.025298828 
0.036020763 
0.02116163 
0.025490094 
0.026705 
0.030090356 
0.014676997 
0.019173348 
0.017842881 
0.021091383 
0.02288231 
0.024471108 
0.022865612 
0.02610313 
0.01951116 
0.029522855 
0.029251393 
0.02699914 
0.024704065 
0.035166238 
0.024174158 
0.030367285 
0.02510057 
0.015135536 
0.016606327 
0.022049144 
0.029467667 
0.06300483 
0.037007064 
0.01760871 
0.01895768 
0.017287374 
0.031164039 
0.032664347 
0.028293576 
0.01640917 
0.012465189 
0.018384866 
0.011111327 
0.0191098 
0.018440971 
0.027524605 
0.020432401 
0.017305199 
0.01197055 
0.016138997 
0.020997033 
0.0189665 
0.009432393 
0.015219191 
0.02873906 
0.024296016 
0.015868716 
0.025543759 
0.016357794 
0.019553557 
0.015778996 
0.018163625 
0.031485867 
0.027015243 
0.0397866 
0.04762304 
0.027254334 
0.023993362 
0.03332557 
0.043971084 
0.06647308 
0.056356747 
0.05956403 
0.058533132 
0.09894312 
0.08540558 
0.043531254 
0.060531817 
0.06805321 
0.043687653 
0.05027489 
0.05309732 
0.05157082 
0.029786324 
0.016622646 
0.014125137 
0.029555703 
0.021919843 
0.028195728 
0.020339778 
0.019067189 
0.035845183 
0.024795318 
0.027937701 
0.024401467 
0.014387752 
0.031055555 
0.026834989 
0.030230943 
0.053666048 
0.04015447 
0.044226445 
0.030604923 
0.03566186 
0.0260097 
0.029270995 
0.013070321 
0.0127106635 
0.02209609 
0.013136655 
0.0145216435 
0.020696377 
0.012839857 
0.01871867 
0.021995679 
0.02076618 
0.012007235 
0.030228421 
0.046231482 
0.01893555 
0.013815139 
0.021856636 
0.017703503 
0.010263853 
0.013253009 
0.016630173 
0.014209213 
0.018854072 
0.028502066 
0.013553117 
0.014314366 
0.008211305 
0.017054902 
0.009599378 
0.018915456 
0.01414184 
0.030654352 
0.025736922 
0.046833623 
0.104283474 
0.0886443 
0.027420918 
0.054899685 
0.07481079 
0.12984583 
0.16429512 
0.08326273 
0.04074111 
0.03431118 
0.032358427 
0.015695583 
0.030934995 
0.017973457 
0.026219726 
0.050935388 
0.05614413 
0.03795258 
0.019979306 
0.019883748 
0.02771106 
0.015212642 
0.027318632 
0.016586408 
0.022357676 
0.018655572 
0.021152193 
0.013116476 
0.02315038 
0.020752307 
0.018711116 
0.019266164 
0.025967568 
0.0248608 
0.017902467 
0.03567903 
0.034264576 
0.027701776 
0.032661803 
0.018276189 
0.018883783 
0.014143432 
0.016057085 
0.02037866 
0.018299319 
0.020951798 
0.027052602 
0.015845397 
0.03868708 
0.01884091 
0.022592792 
0.013314774 
0.034506015 
0.023913566 
0.017173547 
0.023916995 
0.034131408 
0.05842836 
0.025165245 
0.040804587 
0.03552215 
0.017536264 
0.015051809 
0.029566932 
0.044334263 
0.026042664 
0.014705646 
0.020691302 
0.023759251 
0.036520537 
0.10251857 
0.028245568 
0.019945884 
0.021995295 
0.023715967 
0.018188385 
0.0344057 
0.038406305 
0.038139936 
0.03514707 
0.035889763 
0.013374734 
0.017795686 
0.026826331 
0.017542254 
0.026145715 
0.016621616 
0.024499927 
0.019555017 
0.021721298 
0.0087516755 
0.012163354 
0.021772249 
0.012403661 
0.030107042 
0.03917771 
0.019632438 
0.020815894 
0.036485158 
0.02736729 
0.020612199 
0.013209371 
0.030531714 
0.08825286 
0.15158007 
0.038409244 
0.026236182 
0.02874453 
0.016610067 
0.03572629 
0.028537575 
0.01777569 
0.031708263 
0.024785912 
0.019317143 
0.017866936 
0.029679518 
0.029151475 
0.037510738 
0.049072973 
0.021922722 
0.036298387 
0.015058452 
0.018187681 
0.039244123 
0.03111289 
0.023767427 
0.017066836 
0.020476598 
0.021616464 
0.018108565 
0.016012233 
0.013427553 
0.031667095 
0.019850302 
0.026025932 
0.024006646 
0.021148426 
0.018361388 
0.030737454 
0.016539525 
0.021993008 
0.05511131 
0.08576156 
0.05198612 
0.03175916 
0.027854819 
0.02371661 
0.02920945 
0.04375481 
0.05195992 
0.05615014 
0.054119747 
0.06475361 
0.03736647 
0.06366103 
0.04431779 
0.05942472 
0.034325033 
0.028560648 
0.05327469 
0.06948185 
0.044316627 
0.017149959 
0.019372538 
0.01584273 
0.025050715 
0.028695127 
0.02176993 
0.031657893 
0.01699217 
0.030414915 
0.036730908 
0.03865654 
0.021279057 
0.025059873 
0.025074854 
0.01355439 
0.025305185 
0.03231956 
0.028286695 
0.019552827 
0.022384465 
0.015291323 
0.017341603 
0.027586501 
0.020721 
0.032960854 
0.019125555 
0.03314609 
0.029985767 
0.028468262 
0.013415243 
0.011361703 
0.020409998 
0.020336669 
0.036200095 
0.027059715 
0.02365102 
0.040088534 
0.074897796 
0.029763315 
0.0204028 
0.02454942 
0.028972203 
0.021589296 
0.011320323 
0.018068383 
0.023077725 
0.039123558 
0.04621015 
0.07570638 
0.03473913 
0.022516515 
0.0306109 
0.032933034 
0.03711798 
0.028634999 
0.037274674 
0.02773956 
0.016954731 
0.033968125 
0.019887926 
0.024586678 
0.016104965 
0.025041018 
0.025600608 
0.027439717 
0.039088327 
0.024719696 
0.024571806 
0.015134009 
0.015874181 
0.013316597 
0.010815108 
0.026164705 
0.04336973 
0.027446156 
0.03544078 
0.04692012 
0.045896076 
0.04860336 
0.10196291 
0.079645306 
0.03466652 
0.040675025 
0.028473794 
0.028567046 
0.02584846 
0.03356608 
0.038325615 
0.061049223 
0.022138279 
0.023458842 
0.033078466 
0.04816615 
0.015052239 
0.023252402 
0.018108424 
0.070492044 
0.018612219 
0.030907255 
0.028657928 
0.02903077 
0.027834674 
0.023994515 
0.036179688 
0.030767154 
0.024270182 
0.034177408 
0.020494122 
0.029102918 
0.021457184 
0.018770475 
0.020167183 
0.012494321 
0.025899788 
0.029787336 
0.016248409 
0.012511331 
0.018577645 
0.051736705 
0.051370285 
0.04038255 
0.01092537 
0.012126584 
0.030762648 
0.030723462 
0.02500407 
0.02466696 
0.02550081 
0.024684023 
0.028283143 
0.043003798 
0.017232683 
0.026505684 
0.024061877 
0.02359068 
0.020361343 
0.020339694 
0.017147552 
0.034377545 
0.021127757 
0.040534653 
0.01340848 
0.01197283 
0.014434357 
0.021224033 
0.016418453 
0.016924802 
0.017874977 
0.016380236 
0.014071038 
0.010780269 
0.013849491 
0.03657285 
0.020425875 
0.02957445 
0.019234758 
0.015764054 
0.013681831 
0.020733496 
0.038104262 
0.028822437 
0.023825357 
0.022730445 
0.021369224 
0.020938912 
0.031821243 
0.048051544 
0.048793294 
0.025769139 
0.016126422 
0.012848726 
0.013171509 
0.019980103 
0.033019155 
0.033638895 
0.03338759 
0.0120480405 
0.021369688 
0.027831256 
0.035031352 
0.052014314 
0.10146879 
0.062326144 
0.07343717 
0.032263152 
0.029348027 
0.021371076 
0.024843624 
0.029609239 
0.020871866 
0.03415049 
0.059976228 
0.028094226 
0.02583766 
0.023897678 
0.040895123 
0.036371287 
0.037604466 
0.03314964 
0.01675434 
0.03024149 
0.019397656 
0.02158993 
0.013898117 
0.015792 
0.02290782 
0.03603629 
0.022103578 
0.042863645 
0.031191576 
0.023647444 
0.026087796 
0.023838142 
0.024296235 
0.024819639 
0.021182824 
0.027370673 
0.021229932 
0.023137096 
0.017599026 
0.033551846 
0.018582502 
0.020319963 
0.016100993 
0.01324137 
0.02646641 
0.018946126 
0.011427997 
0.014344567 
0.023603298 
0.034467123 
0.038542915 
0.058821548 
0.079624414 
0.03740965 
0.031363964 
0.037336092 
0.03267948 
0.04981378 
0.03339926 
0.019017955 
0.031231245 
0.016536713 
0.02002363 
0.022817412 
0.023994744 
0.024211094 
0.02257244 
0.025842685 
0.013588155 
0.019185558 
0.014926354 
0.015393935 
0.0148526635 
0.015705178 
0.011832527 
0.013248747 
0.016656348 
0.013522324 
0.011355238 
0.019422993 
0.012873307 
0.032324146 
0.013303022 
0.021331763 
0.021250034 
0.011146393 
0.01066615 
0.03062532 
0.09174456 
0.034707986 
0.028299162 
0.021604735 
0.022371018 
0.0361118 
0.033540122 
0.06196953 
0.055788845 
0.05961301 
0.047875784 
0.025921768 
0.025097322 
0.045626383 
0.044887997 
0.01793237 
0.03324105 
0.06523217 
0.026056236 
0.029642483 
0.03461607 
0.030184617 
0.025051493 
0.033014078 
0.0251463 
0.01549832 
0.022879736 
0.029300857 
0.030125434 
0.02364114 
0.027098764 
0.034207474 
0.016843338 
0.020608302 
0.02481191 
0.015931828 
0.018188383 
0.0156168165 
0.012835972 
0.0071654124 
0.013341472 
0.008737823 
0.01415647 
0.009286937 
0.014584571 
0.0104940785 
0.010155015 
0.026178617 
0.02396382 
0.01787996 
0.019722242 
0.03534379 
0.044387598 
0.07125294 
0.07451487 
0.040701397 
0.03160751 
0.03724215 
0.02608859 
0.018955037 
0.019676197 
0.029898081 
0.02197848 
0.011479157 
0.019025048 
0.019292254 
0.014945936 
0.022504503 
0.019613352 
0.022530725 
0.029848546 
0.028690929 
0.026151061 
0.01202153 
0.01880059 
0.011918507 
0.015051143 
0.016369173 
0.016478445 
0.008803515 
0.0058053043 
0.010328002 
0.009565429 
0.0089432355 
0.010154374 
0.011987488 
0.020623509 
0.008480685 
0.009291332 
0.015515914 
0.010202235 
0.008226471 
0.015078078 
0.038947172 
0.046815634 
0.041794192 
0.02656787 
0.0235687 
0.020210963 
0.03095662 
0.03766238 
0.013338335 
0.019432787 
0.01326443 
0.020125555 
0.017873932 
0.021696668 
0.015992079 
0.016814796 
0.017908001 
0.025164515 
0.015933696 
0.027077634 
0.031022549 
0.037009 
0.022675313 
0.014163969 
0.03975925 
0.032702733 
0.06063866 
0.047817238 
0.039876383 
0.07539104 
0.131004 
0.08162379 
0.036841005 
0.021771807 
0.029488727 
0.028347814 
0.020798173 
0.040806472 
0.02020963 
0.028844569 
0.020180602 
0.028030986 
0.022777293 
0.017639467 
0.035936546 
0.016133007 
0.032039568 
0.033289175 
0.04443673 
0.010843923 
0.017012145 
0.026449656 
0.057205915 
0.016686657 
0.025353666 
0.04543949 
0.02580758 
0.029741788 
0.019206494 
0.022451472 
0.045649376 
0.039873403 
0.034572817 
0.027531859 
0.01584833 
0.016064785 
0.026209403 
0.030163681 
0.0407552 
0.036659736 
0.026562661 
0.016220082 
0.023128789 
0.023818854 
0.030345708 
0.038797162 
0.058535717 
0.06542164 
0.033064194 
0.030137803 
0.046892144 
0.03047609 
0.022701867 
0.01858941 
0.010818621 
0.020086765 
0.008856547 
0.012561006 
0.026991446 
0.01646309 
0.015737683 
0.014468874 
0.022029556 
0.010195012 
0.016740292 
0.0138792945 
0.015270767 
0.027402097 
0.020599809 
0.026687551 
0.013545653 
0.018956263 
0.02363238 
0.011955857 
0.018803814 
0.015738076 
0.016124781 
0.022855863 
0.02201771 
0.015714636 
0.011393646 
0.015025717 
0.016240578 
0.019209838 
0.023294652 
0.019390104 
0.008242005 
0.01859702 
0.034445394 
0.015638277 
0.021699747 
0.019355986 
0.02559809 
0.15134658 
0.17687339 
0.09545072 
0.06775223 
0.079336636 
0.09220584 
0.075514294 
0.03053974 
0.037697636 
0.04195124 
0.030851895 
0.02233008 
0.022462655 
0.01390571 
0.014190274 
0.018585943 
0.008542751 
0.010806521 
0.009778513 
0.011147889 
0.0123279765 
0.027102565 
0.019290987 
0.03599489 
0.047732107 
0.025416512 
0.042600486 
0.016199747 
0.014039171 
0.020709988 
0.016901098 
0.029290164 
0.05308033 
0.077763475 
0.081848904 
0.059895314 
0.028921533 
0.026002314 
0.010608007 
0.027175253 
0.033422418 
0.018630752 
0.020150295 
0.0281962 
0.013659654 
0.017907191 
0.015594244 
0.015334885 
0.013315147 
0.011194301 
0.01680235 
0.021846715 
0.020891603 
0.024937352 
0.030055812 
0.043875597 
0.087792605 
0.05365467 
0.07185706 
0.03151361 
0.023705913 
0.023490753 
0.024183365 
0.03293053 
0.026562855 
0.03618291 
0.028081546 
0.022541786 
0.024003815 
0.021211594 
0.030883681 
0.011803037 
0.020307913 
0.026403863 
0.018847486 
0.025276285 
0.015902858 
0.029350976 
0.020919343 
0.023920441 
0.024096278 
0.013279043 
0.018616937 
0.01813738 
0.02069236 
0.0280432 
0.019605821 
0.022102043 
0.021288509 
0.016098078 
0.019912114 
0.011855631 
0.021269703 
0.017681727 
0.013735829 
0.026669588 
0.030517196 
0.027442127 
0.02242108 
0.018360158 
0.022551943 
0.01946807 
0.015177074 
0.014651218 
0.01642846 
0.009672751 
0.009796248 
0.015467961 
0.009607853 
0.020370502 
0.02535507 
0.021367004 
0.02787512 
0.013830075 
0.031870414 
0.019960813 
0.013910932 
0.010823084 
0.014750412 
0.016953096 
0.017237617 
0.01539672 
0.0136213275 
0.010598813 
0.0111652855 
0.019312587 
0.016895363 
0.017033076 
0.012141879 
0.010043454 
0.017055508 
0.012239027 
0.010502471 
0.013774663 
0.011853834 
0.01709096 
0.024053847 
0.01712049 
0.03345833 
0.035860766 
0.03702758 
0.017600784 
0.021209266 
0.044878066 
0.019148234 
0.018858945 
0.06294199 
0.034276057 
0.04684276 
0.032973394 
0.022549506 
0.025033463 
0.023224073 
0.019624433 
0.013270515 
0.015244067 
0.011505231 
0.011227332 
0.013825434 
0.0097723855 
0.019526482 
0.02989021 
0.021103363 
0.014127088 
0.017947944 
0.019891452 
0.0191778 
0.018564329 
0.015374194 
0.022108097 
0.021053847 
0.016044881 
0.018811358 
0.016014932 
0.016435055 
0.013363699 
0.009129999 
0.0103355795 
0.018639943 
0.017937018 
0.014168982 
0.023008311 
0.041669082 
0.01669701 
0.022481691 
0.04370559 
0.03395363 
0.025567496 
0.021579528 
0.025781885 
0.030876677 
0.03549085 
0.060268067 
0.025583154 
0.027783394 
0.025258575 
0.033656605 
0.030636344 
0.023355931 
0.016146623 
0.025749404 
0.04260222 
0.03743802 
0.03880607 
0.03008923 
0.057951767 
0.038230266 
0.043538567 
0.042441748 
0.020096878 
0.020205101 
0.021488722 
0.009934925 
0.015497242 
0.019319866 
0.026050875 
0.01663957 
0.018890003 
0.009940897 
0.020886388 
0.015476716 
0.015738184 
0.012911575 
0.009047293 
0.013485035 
0.010413645 
0.009534035 
0.038227197 
0.0559329 
0.1259946 
0.049060702 
0.02841948 
0.030949062 
0.028602447 
0.020674419 
0.02341715 
0.01728971 
0.012740907 
0.017676603 
0.009218413 
0.015402729 
0.016957473 
0.011501661 
0.016787965 
0.015953265 
0.027200857 
0.018979013 
0.016383555 
0.015467411 
0.014842523 
0.017522806 
0.013793048 
0.022284117 
0.03174249 
0.028570298 
0.028609976 
0.011175567 
0.018724233 
0.038366467 
0.017350798 
0.014361834 
0.014176761 
0.014910254 
0.021932255 
0.024376592 
0.017379696 
0.0126937 
0.017507356 
0.026859393 
0.038480796 
0.012775022 
0.014489685 
0.01964376 
0.018796485 
0.01918461 
0.011467548 
0.010547117 
0.016059924 
0.032829516 
0.056034755 
0.023516309 
0.013638491 
0.014569109 
0.013402248 
0.021267971 
0.011917769 
0.01869782 
0.022564227 
0.011276503 
0.021027416 
0.01975216 
0.015469229 
0.009559261 
0.015187976 
0.017530743 
0.02115033 
0.029930275 
0.013040518 
0.011743161 
0.0114174085 
0.016132988 
0.016173676 
0.017849296 
0.015752356 
0.0110708345 
0.013439598 
0.015608018 
0.012403732 
0.0061714677 
0.012125917 
0.014061737 
0.008055394 
0.008046597 
0.007201493 
0.007985083 
0.013307566 
0.017517645 
0.011566403 
0.009403755 
0.013790821 
0.02677463 
0.018236572 
0.0077567273 
0.0043534576 
0.01317973 
0.006823051 
0.008760844 
0.008484863 
0.015162865 
0.017476367 
0.014455745 
0.0071024583 
0.009332078 
0.019341927 
0.015911076 
0.022658458 
0.026934687 
0.010820834 
0.012526331 
0.013803375 
0.017001992 
0.021448467 
0.01877012 
0.022998054 
0.0344293 
0.02571108 
0.060093343 
0.04683835 
0.085524485 
0.036435507 
0.040287565 
0.041690063 
0.015406191 
0.025946945 
0.03318565 
0.023237918 
0.03146956 
0.048450112 
0.027188208 
0.04797209 
0.079983845 
0.03997666 
0.022532692 
0.021293122 
0.024250388 
0.0306846 
0.022773411 
0.041899353 
0.046402145 
0.04890016 
0.033763103 
0.016099423 
0.028655168 
0.03024285 
0.010989666 
0.02933314 
0.047421735 
0.04277054 
0.028355336 
0.023468256 
0.021946464 
0.024928423 
0.015972024 
0.016711358 
0.018681584 
0.04604254 
0.09768598 
0.043734867 
0.028634038 
0.017715458 
0.026180262 
0.027982298 
0.02788043 
0.019113498 
0.018035848 
0.03635914 
0.024295311 
0.028243234 
0.024767146 
0.027091974 
0.025139296 
0.017615667 
0.017227905 
0.031399783 
0.052633 
0.15780918 
0.07781221 
0.03889323 
0.07203152 
0.08653865 
0.043764047 
0.044557326 
0.07540287 
0.051620822 
0.053217284 
0.025707686 
0.026133005 
0.03401426 
0.029747337 
0.011013477 
0.01693661 
0.03314069 
0.025129622 
0.016139565 
0.027467627 
0.022061706 
0.014612201 
0.011637035 
0.0073982268 
0.011056528 
0.017048871 
0.0137974 
0.023600334 
0.022097548 
0.023458632 
0.018290903 
0.011978828 
0.018335402 
0.009389035 
0.016766816 
0.03453546 
0.035178676 
0.016561495 
0.0073030787 
0.014114094 
0.009964979 
0.020132307 
0.0138938995 
0.009385072 
0.0077165617 
0.020136788 
0.021010442 
0.012027924 
0.023883618 
0.013389344 
0.015471047 
0.030465942 
0.01272355 
0.019192126 
0.021235898 
0.024032287 
0.019350981 
0.02320031 
0.029423315 
0.047847293 
0.045337018 
0.06927708 
0.06162683 
0.03307063 
0.03514459 
0.0243122 
0.030769145 
0.08416673 
0.053901076 
0.025568416 
0.037228353 
0.033104174 
0.04230283 
0.0528629 
0.09815584 
0.041497342 
0.019824458 
0.030971747 
0.024002325 
0.036064297 
0.06643432 
0.03759381 
0.025399113 
0.011261643 
0.030960357 
0.025512164 
0.022017036 
0.02333815 
0.013108663 
0.020763407 
0.02011205 
0.021907274 
0.034780107 
0.04748799 
0.099941716 
0.054228358 
0.034660626 
0.020133171 
0.0170738 
0.018316412 
0.011489695 
0.012453655 
0.011670816 
0.020396553 
0.02179778 
0.0196062 
0.021841966 
0.016843606 
0.011987621 
0.012503537 
0.014055863 
0.026875507 
0.015164325 
0.027838612 
0.037379097 
0.04349015 
0.013017091 
0.024459284 
0.017319176 
0.012207959 
0.014141917 
0.016469935 
0.01917757 
0.011867849 
0.011827589 
0.008891858 
0.011782563 
0.01189871 
0.0056878054 
0.010399459 
0.0094049405 
0.018149143 
0.04037042 
0.105456516 
0.10048769 
0.029995287 
0.01010032 
0.014535246 
0.035463054 
0.017819704 
0.0093190605 
0.008802617 
0.019024562 
0.021562923 
0.040023744 
0.03575125 
0.02256688 
0.018818054 
0.019973943 
0.017685002 
0.018567342 
0.015553942 
0.028773442 
0.015784945 
0.020882532 
0.023961524 
0.011484309 
0.016021218 
0.010584138 
0.012021837 
0.010388923 
0.011169026 
0.007893409 
0.01557721 
0.009941855 
0.008159379 
0.010443919 
0.010455354 
0.009004081 
0.011121983 
0.0065061934 
0.0061281985 
0.015772609 
0.021798804 
0.011534365 
0.014049238 
0.022579053 
0.016569976 
0.009699084 
0.0097514745 
0.021267492 
0.019510869 
0.011911267 
0.023448795 
0.016065452 
0.04162722 
0.015958456 
0.01743314 
0.013489206 
0.018482793 
0.009003617 
0.011549143 
0.010728675 
0.013847974 
0.015876355 
0.018023148 
0.030717338 
0.033834763 
0.028557196 
0.026446695 
0.019921022 
0.018672222 
0.028275007 
0.039394904 
0.026889965 
0.023183633 
0.024191534 
0.036801696 
0.071544215 
0.11148586 
0.03628882 
0.02195506 
0.026629169 
0.019945618 
0.018150922 
0.014679681 
0.012112371 
0.016047047 
0.010817856 
0.017481688 
0.0081332745 
0.009523009 
0.013332941 
0.02037124 
0.010466376 
0.011554013 
0.0045223315 
0.017986033 
0.017997917 
0.0085294945 
0.021189868 
0.0157974 
0.016166508 
0.011783662 
0.03680613 
0.07083763 
0.063035026 
0.025445405 
0.019205049 
0.020758921 
0.025000919 
0.04204392 
0.03845948 
0.025954887 
0.01794385 
0.017060015 
0.018128728 
0.018450093 
0.019435804 
0.036126833 
0.010829273 
0.016994705 
0.035107158 
0.039070524 
0.018726613 
0.023572585 
0.013241726 
0.011791018 
0.0155008035 
0.014343399 
0.01633569 
0.011753216 
0.043708228 
0.04037432 
0.033920806 
0.02612015 
0.02844571 
0.008324024 
0.013579105 
0.016879508 
0.021073988 
0.017953109 
0.011284392 
0.009537953 
0.019453648 
0.041220415 
0.016444806 
0.024938535 
0.015907478 
0.006997169 
0.026474103 
0.025341278 
0.017664129 
0.019379368 
0.016624976 
0.008098486 
0.008468812 
0.020721186 
0.019188069 
0.00953641 
0.008560611 
0.039843872 
0.024529021 
0.048829608 
0.047847588 
0.010767329 
0.03786553 
0.02846932 
0.027575329 
0.010533996 
0.01568107 
0.0177569 
0.010936159 
0.015231697 
0.016088575 
0.008974331 
0.053206198 
0.046663716 
0.049670227 
0.047412794 
0.025522262 
0.009286011 
0.016790938 
0.017135788 
0.022971448 
0.022137841 
0.027741726 
0.011998989 
0.008006675 
0.014533338 
0.016208759 
0.028402995 
0.042793803 
0.018121373 
0.021200398 
0.025134405 
0.021088332 
0.032920446 
0.019917771 
0.024869403 
0.016098462 
0.022400133 
0.022500247 
0.030148383 
0.08251436 
